{
 "cells": [
  {
   "cell_type": "code",
   "execution_count": 1,
   "id": "1765278e-a596-4ed9-a66e-d81a87192ccf",
   "metadata": {},
   "outputs": [],
   "source": [
    "import matplotlib.pyplot as py\n",
    "import numpy as np\n",
    "import math\n",
    "from pylab import *\n",
    "from ddeint import ddeint\n",
    "import random"
   ]
  },
  {
   "cell_type": "code",
   "execution_count": 2,
   "id": "9a7657a9-4479-4e17-8fa1-8b10deebd186",
   "metadata": {},
   "outputs": [],
   "source": [
    "#change to array everthing in the code\n",
    "#mark each portion of the code with specific code word\n",
    "#"
   ]
  },
  {
   "cell_type": "code",
   "execution_count": 3,
   "id": "7ce81df6-964d-4d63-8c23-639f8bd695cd",
   "metadata": {},
   "outputs": [],
   "source": [
    "# parameters\n",
    "def param():\n",
    "    N = 10 # no. of particles\n",
    "    L = 20 #length\n",
    "    r = 10 # radius\n",
    "    M = 4 #threshold particles\n",
    "    eps = 0.001 #repulsion\n",
    "    crep = 2.5 #repulsion coefficient\n",
    "    cali = 3 #alignment coefficient\n",
    "    catt =  0.01 #attraction coefficient\n",
    "    return N,L,r,M,eps,crep, cali, catt"
   ]
  },
  {
   "cell_type": "code",
   "execution_count": 4,
   "id": "9dd2865b-8416-44a8-8b3f-c35c815a03c0",
   "metadata": {},
   "outputs": [],
   "source": [
    "#x = [random.randrange(10, 300, 1)*0.1 for i in range(N)]\n",
    "#y = [random.randrange(10, 300, 1)*0.1 for i in range(N)]\n",
    "\n",
    "#print(x,y)"
   ]
  },
  {
   "cell_type": "code",
   "execution_count": 5,
   "id": "18dbbcc3-4297-4b27-a3d9-dee89c8f1189",
   "metadata": {},
   "outputs": [],
   "source": [
    "N,L,r,M,eps,crep, cali, catt = param()\n",
    "#def position():\n",
    "    # bird positions\n",
    "x = np.random.rand(N, 1) * L\n",
    "y = np.random.rand(N, 1) * L\n",
    "\n",
    "#loc = [x.tolist(),y.tolist()]\n",
    "loc = np.array([x,y])\n",
    "\n",
    "\n",
    "\n",
    "#print(loc[0])\n",
    "#print(type(x))\n",
    "\n",
    "\n",
    "# velocity positions , velcity is suppose to null\n",
    "v= [np.zeros(N),np.zeros(N)]\n",
    "#v = np.array([vx,vy])\n",
    "#v = (x, y)\n",
    "#print(v)  \n"
   ]
  },
  {
   "cell_type": "code",
   "execution_count": 6,
   "id": "e9554562-49d2-4268-9575-2ceb0a3e44e4",
   "metadata": {},
   "outputs": [
    {
     "name": "stdout",
     "output_type": "stream",
     "text": [
      "[[ 0.   10.81 10.72 11.6  16.31  5.03 21.13  7.53 10.19 17.95]\n",
      " [10.81  0.   16.   13.79 14.31 10.46 14.43  4.2   3.33  8.84]\n",
      " [10.72 16.    0.    3.98  9.95  6.43 17.74 11.89 13.17 18.26]\n",
      " [11.6  13.79  3.98  0.    6.1   6.59 13.76 10.08 10.63 14.62]\n",
      " [16.31 14.31  9.95  6.1   0.   11.46  8.24 11.95 11.04 11.28]\n",
      " [ 5.03 10.46  6.43  6.59 11.46  0.   17.17  6.27  8.35 15.28]\n",
      " [21.13 14.43 17.74 13.76  8.24 17.17  0.   14.44 12.18  6.69]\n",
      " [ 7.53  4.2  11.89 10.08 11.95  6.27 14.44  0.    2.66 10.46]\n",
      " [10.19  3.33 13.17 10.63 11.04  8.35 12.18  2.66  0.    7.8 ]\n",
      " [17.95  8.84 18.26 14.62 11.28 15.28  6.69 10.46  7.8   0.  ]]\n"
     ]
    },
    {
     "data": {
      "text/plain": [
       "(array([[ 0.  ,  5.03,  7.53, 10.19, 10.72, 10.81, 11.6 , 16.31, 17.95,\n",
       "         21.13],\n",
       "        [ 0.  ,  3.33,  4.2 ,  8.84, 10.46, 10.81, 13.79, 14.31, 14.43,\n",
       "         16.  ],\n",
       "        [ 0.  ,  3.98,  6.43,  9.95, 10.72, 11.89, 13.17, 16.  , 17.74,\n",
       "         18.26],\n",
       "        [ 0.  ,  3.98,  6.1 ,  6.59, 10.08, 10.63, 11.6 , 13.76, 13.79,\n",
       "         14.62],\n",
       "        [ 0.  ,  6.1 ,  8.24,  9.95, 11.04, 11.28, 11.46, 11.95, 14.31,\n",
       "         16.31],\n",
       "        [ 0.  ,  5.03,  6.27,  6.43,  6.59,  8.35, 10.46, 11.46, 15.28,\n",
       "         17.17],\n",
       "        [ 0.  ,  6.69,  8.24, 12.18, 13.76, 14.43, 14.44, 17.17, 17.74,\n",
       "         21.13],\n",
       "        [ 0.  ,  2.66,  4.2 ,  6.27,  7.53, 10.08, 10.46, 11.89, 11.95,\n",
       "         14.44],\n",
       "        [ 0.  ,  2.66,  3.33,  7.8 ,  8.35, 10.19, 10.63, 11.04, 12.18,\n",
       "         13.17],\n",
       "        [ 0.  ,  6.69,  7.8 ,  8.84, 10.46, 11.28, 14.62, 15.28, 17.95,\n",
       "         18.26]]),\n",
       " array([[ 0.  ,  5.03,  7.53, 10.19, 10.72, 10.81, 11.6 , 16.31, 17.95,\n",
       "         21.13],\n",
       "        [ 0.  ,  3.33,  4.2 ,  8.84, 10.46, 10.81, 13.79, 14.31, 14.43,\n",
       "         16.  ],\n",
       "        [ 0.  ,  3.98,  6.43,  9.95, 10.72, 11.89, 13.17, 16.  , 17.74,\n",
       "         18.26],\n",
       "        [ 0.  ,  3.98,  6.1 ,  6.59, 10.08, 10.63, 11.6 , 13.76, 13.79,\n",
       "         14.62],\n",
       "        [ 0.  ,  6.1 ,  8.24,  9.95, 11.04, 11.28, 11.46, 11.95, 14.31,\n",
       "         16.31],\n",
       "        [ 0.  ,  5.03,  6.27,  6.43,  6.59,  8.35, 10.46, 11.46, 15.28,\n",
       "         17.17],\n",
       "        [ 0.  ,  6.69,  8.24, 12.18, 13.76, 14.43, 14.44, 17.17, 17.74,\n",
       "         21.13],\n",
       "        [ 0.  ,  2.66,  4.2 ,  6.27,  7.53, 10.08, 10.46, 11.89, 11.95,\n",
       "         14.44],\n",
       "        [ 0.  ,  2.66,  3.33,  7.8 ,  8.35, 10.19, 10.63, 11.04, 12.18,\n",
       "         13.17],\n",
       "        [ 0.  ,  6.69,  7.8 ,  8.84, 10.46, 11.28, 14.62, 15.28, 17.95,\n",
       "         18.26]]),\n",
       " array([[1, 1, 1, 0, 0, 0, 0, 0, 0, 0],\n",
       "        [1, 1, 1, 1, 0, 0, 0, 0, 0, 0],\n",
       "        [1, 1, 1, 1, 0, 0, 0, 0, 0, 0],\n",
       "        [1, 1, 1, 1, 0, 0, 0, 0, 0, 0],\n",
       "        [1, 1, 1, 1, 0, 0, 0, 0, 0, 0],\n",
       "        [1, 1, 1, 1, 1, 1, 0, 0, 0, 0],\n",
       "        [1, 1, 1, 0, 0, 0, 0, 0, 0, 0],\n",
       "        [1, 1, 1, 1, 1, 0, 0, 0, 0, 0],\n",
       "        [1, 1, 1, 1, 1, 0, 0, 0, 0, 0],\n",
       "        [1, 1, 1, 1, 0, 0, 0, 0, 0, 0]]),\n",
       " array([2, 3, 3, 3, 3, 3, 2, 3, 3, 3]),\n",
       " [array([0, 5, 7, 8, 2, 1, 3, 4, 9, 6]),\n",
       "  array([1, 8, 7, 9, 5, 0, 3, 4, 6, 2]),\n",
       "  array([2, 3, 5, 4, 0, 7, 8, 1, 6, 9]),\n",
       "  array([3, 2, 4, 5, 7, 8, 0, 6, 1, 9]),\n",
       "  array([4, 3, 6, 2, 8, 9, 5, 7, 1, 0]),\n",
       "  array([5, 0, 7, 2, 3, 8, 1, 4, 9, 6]),\n",
       "  array([6, 9, 4, 8, 3, 1, 7, 5, 2, 0]),\n",
       "  array([7, 8, 1, 5, 0, 3, 9, 2, 4, 6]),\n",
       "  array([8, 7, 1, 9, 5, 0, 3, 4, 6, 2]),\n",
       "  array([9, 6, 8, 1, 7, 4, 3, 5, 0, 2])])"
      ]
     },
     "execution_count": 6,
     "metadata": {},
     "output_type": "execute_result"
    }
   ],
   "source": [
    "# distance matrix\n",
    "#distance calculation function\n",
    "\n",
    "def calc(x1, y1, x2, y2 ):\n",
    "    po = round(math.sqrt((x1 - x2) ** 2 + (y1 - y2) ** 2), 2)\n",
    "    return po\n",
    "    \n",
    "def distance(x,y):\n",
    "    N,L,r,M,eps,crep, cali, catt = param()\n",
    "    \n",
    "    dis_mat = [[] for x in range(N)]\n",
    "    ed = [[] for x in range(N)]\n",
    "    #dismat matrix update\n",
    "    for j in range(N):\n",
    "        for i in range(N):\n",
    "            dis_mat[j].append(calc(x[i], y[i], x[j], y[j]))\n",
    "\n",
    "    dis_mat = np.array(dis_mat)\n",
    "\n",
    "    print((dis_mat))\n",
    "    \n",
    "    #copy of distance matrix\n",
    "    s_m = dis_mat\n",
    "    \n",
    "    #sorting and indexing\n",
    "\n",
    "    s = [[] for x in range(N)]\n",
    "    for i in range(0,N):\n",
    "        s[i] = np.argsort(dis_mat[i]) #indexing\n",
    "    \n",
    "    for i in range(0,N):\n",
    "        dis_mat[i].sort() #sorting\n",
    "    \n",
    "    #less than r only\n",
    "    ed = (dis_mat < r).astype(int)\n",
    "    #print(\"elements inside r :\",ed)\n",
    "\n",
    "    #degree list\n",
    "    degree = np.sum(ed[:,1:M],axis=1)\n",
    "\n",
    "    #print(\"degree :\",degree)\n",
    "    ed = np.array(ed)\n",
    "    \n",
    "    return dis_mat, s_m, ed, degree, s\n",
    "distance(x,y)"
   ]
  },
  {
   "cell_type": "code",
   "execution_count": 7,
   "id": "16c01e93-f2d4-404e-bb50-4ed616ec4dd5",
   "metadata": {},
   "outputs": [],
   "source": [
    "\n",
    "def force(loc):\n",
    "    \n",
    "    N,L,r,M,eps,crep, cali, catt = param() #parameter call\n",
    "    \n",
    "    dis_mat, s_m, ed, degree, s = distance(loc[0],loc[1])\n",
    "    \n",
    "#    x, y, v, loc = position()\n",
    "    #repulsion \n",
    "\n",
    "\n",
    "    R= [[],[]] #repulsion array\n",
    "\n",
    "    for k in range(2):\n",
    "        for i in range(N):\n",
    "            suma = 0\n",
    "            for j in range(degree[i]):\n",
    "                pu = (loc[k][s[i][j]] - loc[k][i]) / ((s_m[i][s[i][j]])**2 + eps)\n",
    "        #        print(pu, (s_m[i][s[i][j]]),\" \" ,(i,j))\n",
    "                suma = suma + pu\n",
    "            suma = -crep*suma    \n",
    "        #    print(suma, \", iteration : \" , i, \", degree : \",degree[i])\n",
    "            R[k].append(suma)\n",
    "    R = np.array(R)\n",
    "    #print(R)\n",
    "    \n",
    "    \n",
    "    #alignment\n",
    "    Al = [[],[]] #alignment array\n",
    "\n",
    "    for k in range(2): # this loop is for assigning the values for both vx and vy\n",
    "        for i in range(N):\n",
    "            sumb = 0\n",
    "\n",
    "            for j in range(degree[i]):\n",
    "                ad = v[k][s[i][j]] - v[k][i]\n",
    "                sumb = sumb + ad\n",
    "            sumb = (cali/M)* sumb\n",
    "            Al[k].append(sumb)\n",
    "    print(Al)\n",
    "    Al = np.array(Al)\n",
    "    \n",
    "    \n",
    "    #attraction\n",
    "\n",
    "    Att = [[],[]] # attraction array\n",
    "\n",
    "    for k in range(2):\n",
    "        for i in range(N):\n",
    "            sumc = 0\n",
    "\n",
    "            for j in range(degree[i]):\n",
    "                ad2 = loc[k][s[i][j]] - loc[k][i]\n",
    "                sumc = sumc + ad2\n",
    "            sumc = (catt)* sumc\n",
    "            Att[k].append(sumc)\n",
    "    print(Att)\n",
    "    Att = np.array(Att) \n",
    "\n",
    "    \n",
    "    #defining bernoulli trail function\n",
    "\n",
    "    pro = 0.5\n",
    "    sk = [] # 1 and 0 matrix for L and F\n",
    "\n",
    "    for i in range(N):         \n",
    "        sk.append(np.random.choice((0,1),p=[1-pro,pro]))\n",
    "\n",
    "    force_x = np.zeros(N)\n",
    "    force_y = np.zeros(N)\n",
    "    \n",
    "    for k in range(N):\n",
    "        if sk[k] == 1:\n",
    "    #        print(\"leader :\", k)\n",
    "            force_x[k] = R[0][k-1]\n",
    "            force_y[k] = (R[1][k-1])\n",
    "        elif sk[k] == 0:\n",
    "    #        print(\"follwer :\", k)\n",
    "            force_x[k] = R[0][k-1] + Al[0][k-1] + Att[0][k-1]\n",
    "            force_y[k] = R[1][k-1] + Al[1][k-1] + Att[1][k-1]\n",
    "    return [force_x,force_y] #it will return a list of Net_force with x and y components\n",
    "\n",
    "\n"
   ]
  },
  {
   "cell_type": "code",
   "execution_count": 8,
   "id": "ad0a7c09-828d-4599-824a-668d7e335a62",
   "metadata": {},
   "outputs": [
    {
     "name": "stdout",
     "output_type": "stream",
     "text": [
      "1\n"
     ]
    },
    {
     "name": "stderr",
     "output_type": "stream",
     "text": [
      "<ipython-input-8-054ae770c193>:10: VisibleDeprecationWarning: Creating an ndarray from ragged nested sequences (which is a list-or-tuple of lists-or-tuples-or ndarrays with different lengths or shapes) is deprecated. If you meant to do this, you must specify 'dtype=object' when creating the ndarray.\n",
      "  z = np.array(z)\n"
     ]
    }
   ],
   "source": [
    "z = [] #input\n",
    "for k in range(N):\n",
    "    z.append(loc[0][k]) # x in 0 to N-1\n",
    "for k in range(N):\n",
    "    z.append(loc[1][k]) # y in N to 2*N\n",
    "for k in range(N):\n",
    "    z.append(v[0][k]) # vx in 2N+1 to 3N\n",
    "for k in range(N):\n",
    "    z.append(v[1][k]) # vy in 3N+1 to 4N\n",
    "z = np.array(z)   \n",
    "print(z.ndim)"
   ]
  },
  {
   "cell_type": "code",
   "execution_count": 9,
   "id": "ff021784-df83-482f-a745-c230807c766b",
   "metadata": {},
   "outputs": [],
   "source": [
    "#model\n",
    "\n",
    "def F(loc,v):\n",
    "    \n",
    "    dxdt = v[0]\n",
    "    dydt = v[1]\n",
    "    Ak = force(loc)\n",
    "    vxdt = Ak[0]\n",
    "    vydt = Ak[1]\n",
    "    \n",
    "    return [dxdt,dydt], loc, [vxdt, vydt]\n",
    "\n",
    "#F(loc,v)\n",
    "\n",
    "#print(type(z))\n",
    "tt = np.linspace(0,50,10000)"
   ]
  },
  {
   "cell_type": "code",
   "execution_count": 10,
   "id": "40c93b8f-9390-4e2c-af92-c01ec1c16912",
   "metadata": {},
   "outputs": [],
   "source": [
    "g = lambda t : np.zeros(N)"
   ]
  },
  {
   "cell_type": "code",
   "execution_count": 11,
   "id": "6007e832-6484-4124-ad8a-e9ed8c146622",
   "metadata": {},
   "outputs": [],
   "source": [
    "def G():\n",
    "    dxdt = [0 for x in range(N)]\n",
    "    dydt = [0 for x in range(N)]\n",
    "    vxdt = z[0:N]\n",
    "    vydt = z[N+1 : 2*N]\n",
    "    return [dxdt,dydt],[vxdt, vydt]#, dydt, vxdt,vydt"
   ]
  },
  {
   "cell_type": "code",
   "execution_count": 12,
   "id": "d4745d5c-5710-474c-92bd-d2a2b46c8655",
   "metadata": {},
   "outputs": [
    {
     "data": {
      "text/plain": [
       "'\\nfor k in range(N):\\n    G.append(x[k]) # x in 0 to N-1\\nfor k in range(N):\\n    G.append(y[k]) # y in N to 2*N\\nfor k in range(N):\\n    G.append(0) # vx in 2N+1 to 3N\\nfor k in range(N):\\n    G.append(0) # vy in 3N+1 to 4N\\nG = np.array(G)   \\n\\n#print(G)\\n#G= np.array(G).flatten()\\n#print(type(G))\\n#print(G)\\n# g = G(N)\\n'"
      ]
     },
     "execution_count": 12,
     "metadata": {},
     "output_type": "execute_result"
    }
   ],
   "source": [
    "#G = [x,y,np.zeros([N,]),np.zeros([N,])]\n",
    "'''\n",
    "for k in range(N):\n",
    "    G.append(x[k]) # x in 0 to N-1\n",
    "for k in range(N):\n",
    "    G.append(y[k]) # y in N to 2*N\n",
    "for k in range(N):\n",
    "    G.append(0) # vx in 2N+1 to 3N\n",
    "for k in range(N):\n",
    "    G.append(0) # vy in 3N+1 to 4N\n",
    "G = np.array(G)   \n",
    "\n",
    "#print(G)\n",
    "#G= np.array(G).flatten()\n",
    "#print(type(G))\n",
    "#print(G)\n",
    "# g = G(N)\n",
    "'''\n"
   ]
  },
  {
   "cell_type": "code",
   "execution_count": 13,
   "id": "e698759b-4956-416a-b427-84c08260691c",
   "metadata": {},
   "outputs": [
    {
     "name": "stdout",
     "output_type": "stream",
     "text": [
      "[[ 0.   10.81 10.72 11.6  16.31  5.03 21.13  7.53 10.19 17.95]\n",
      " [10.81  0.   16.   13.79 14.31 10.46 14.43  4.2   3.33  8.84]\n",
      " [10.72 16.    0.    3.98  9.95  6.43 17.74 11.89 13.17 18.26]\n",
      " [11.6  13.79  3.98  0.    6.1   6.59 13.76 10.08 10.63 14.62]\n",
      " [16.31 14.31  9.95  6.1   0.   11.46  8.24 11.95 11.04 11.28]\n",
      " [ 5.03 10.46  6.43  6.59 11.46  0.   17.17  6.27  8.35 15.28]\n",
      " [21.13 14.43 17.74 13.76  8.24 17.17  0.   14.44 12.18  6.69]\n",
      " [ 7.53  4.2  11.89 10.08 11.95  6.27 14.44  0.    2.66 10.46]\n",
      " [10.19  3.33 13.17 10.63 11.04  8.35 12.18  2.66  0.    7.8 ]\n",
      " [17.95  8.84 18.26 14.62 11.28 15.28  6.69 10.46  7.8   0.  ]]\n",
      "[[0.0, 0.0, 0.0, 0.0, 0.0, 0.0, 0.0, 0.0, 0.0, 0.0], [0.0, 0.0, 0.0, 0.0, 0.0, 0.0, 0.0, 0.0, 0.0, 0.0]]\n",
      "[[array([-0.0422684]), array([-0.06368785]), array([0.06826238]), array([-0.01777614]), array([0.04227244]), array([0.08260565]), array([0.06515709]), array([0.02774514]), array([0.0359427]), array([-0.05014884])], [array([-0.02725407]), array([0.03140168]), array([-0.04941774]), array([-0.02001675]), array([-0.01743137]), array([-0.02081108]), array([0.01519098]), array([-0.05543666]), array([0.02403498]), array([0.06137288])]]\n"
     ]
    },
    {
     "ename": "TypeError",
     "evalue": "'tuple' object is not callable",
     "output_type": "error",
     "traceback": [
      "\u001b[0;31m---------------------------------------------------------------------------\u001b[0m",
      "\u001b[0;31mTypeError\u001b[0m                                 Traceback (most recent call last)",
      "\u001b[0;32m<ipython-input-13-3c567d64c281>\u001b[0m in \u001b[0;36m<module>\u001b[0;34m\u001b[0m\n\u001b[1;32m      1\u001b[0m \u001b[0mtt\u001b[0m \u001b[0;34m=\u001b[0m \u001b[0mlinspace\u001b[0m\u001b[0;34m(\u001b[0m\u001b[0;36m0\u001b[0m\u001b[0;34m,\u001b[0m\u001b[0;36m50\u001b[0m\u001b[0;34m,\u001b[0m\u001b[0;36m10000\u001b[0m\u001b[0;34m)\u001b[0m\u001b[0;34m\u001b[0m\u001b[0;34m\u001b[0m\u001b[0m\n\u001b[1;32m      2\u001b[0m \u001b[0;31m#f=F(z,Nf)\u001b[0m\u001b[0;34m\u001b[0m\u001b[0;34m\u001b[0m\u001b[0;34m\u001b[0m\u001b[0m\n\u001b[0;32m----> 3\u001b[0;31m \u001b[0myy\u001b[0m \u001b[0;34m=\u001b[0m \u001b[0mddeint\u001b[0m\u001b[0;34m(\u001b[0m\u001b[0mF\u001b[0m\u001b[0;34m(\u001b[0m\u001b[0mloc\u001b[0m\u001b[0;34m,\u001b[0m\u001b[0mv\u001b[0m\u001b[0;34m)\u001b[0m\u001b[0;34m,\u001b[0m\u001b[0mG\u001b[0m\u001b[0;34m(\u001b[0m\u001b[0;34m)\u001b[0m\u001b[0;34m,\u001b[0m\u001b[0mtt\u001b[0m\u001b[0;34m)\u001b[0m\u001b[0;34m\u001b[0m\u001b[0;34m\u001b[0m\u001b[0m\n\u001b[0m",
      "\u001b[0;32m~/opt/anaconda3/lib/python3.8/site-packages/ddeint/ddeint.py\u001b[0m in \u001b[0;36mddeint\u001b[0;34m(func, g, tt, fargs)\u001b[0m\n\u001b[1;32m    140\u001b[0m \u001b[0;34m\u001b[0m\u001b[0m\n\u001b[1;32m    141\u001b[0m     \u001b[0mdde_\u001b[0m \u001b[0;34m=\u001b[0m \u001b[0mdde\u001b[0m\u001b[0;34m(\u001b[0m\u001b[0mfunc\u001b[0m\u001b[0;34m)\u001b[0m\u001b[0;34m\u001b[0m\u001b[0;34m\u001b[0m\u001b[0m\n\u001b[0;32m--> 142\u001b[0;31m     \u001b[0mdde_\u001b[0m\u001b[0;34m.\u001b[0m\u001b[0mset_initial_value\u001b[0m\u001b[0;34m(\u001b[0m\u001b[0mddeVar\u001b[0m\u001b[0;34m(\u001b[0m\u001b[0mg\u001b[0m\u001b[0;34m,\u001b[0m \u001b[0mtt\u001b[0m\u001b[0;34m[\u001b[0m\u001b[0;36m0\u001b[0m\u001b[0;34m]\u001b[0m\u001b[0;34m)\u001b[0m\u001b[0;34m)\u001b[0m\u001b[0;34m\u001b[0m\u001b[0;34m\u001b[0m\u001b[0m\n\u001b[0m\u001b[1;32m    143\u001b[0m     \u001b[0mdde_\u001b[0m\u001b[0;34m.\u001b[0m\u001b[0mset_f_params\u001b[0m\u001b[0;34m(\u001b[0m\u001b[0mfargs\u001b[0m \u001b[0;32mif\u001b[0m \u001b[0mfargs\u001b[0m \u001b[0;32melse\u001b[0m \u001b[0;34m[\u001b[0m\u001b[0;34m]\u001b[0m\u001b[0;34m)\u001b[0m\u001b[0;34m\u001b[0m\u001b[0;34m\u001b[0m\u001b[0m\n\u001b[1;32m    144\u001b[0m     \u001b[0mresults\u001b[0m \u001b[0;34m=\u001b[0m \u001b[0;34m[\u001b[0m\u001b[0mdde_\u001b[0m\u001b[0;34m.\u001b[0m\u001b[0mintegrate\u001b[0m\u001b[0;34m(\u001b[0m\u001b[0mdde_\u001b[0m\u001b[0;34m.\u001b[0m\u001b[0mt\u001b[0m \u001b[0;34m+\u001b[0m \u001b[0mdt\u001b[0m\u001b[0;34m)\u001b[0m \u001b[0;32mfor\u001b[0m \u001b[0mdt\u001b[0m \u001b[0;32min\u001b[0m \u001b[0mnp\u001b[0m\u001b[0;34m.\u001b[0m\u001b[0mdiff\u001b[0m\u001b[0;34m(\u001b[0m\u001b[0mtt\u001b[0m\u001b[0;34m)\u001b[0m\u001b[0;34m]\u001b[0m\u001b[0;34m\u001b[0m\u001b[0;34m\u001b[0m\u001b[0m\n",
      "\u001b[0;32m~/opt/anaconda3/lib/python3.8/site-packages/ddeint/ddeint.py\u001b[0m in \u001b[0;36m__init__\u001b[0;34m(self, g, tc)\u001b[0m\n\u001b[1;32m     26\u001b[0m         self.interpolator = scipy.interpolate.interp1d(\n\u001b[1;32m     27\u001b[0m             \u001b[0mnp\u001b[0m\u001b[0;34m.\u001b[0m\u001b[0marray\u001b[0m\u001b[0;34m(\u001b[0m\u001b[0;34m[\u001b[0m\u001b[0mtc\u001b[0m \u001b[0;34m-\u001b[0m \u001b[0;36m1\u001b[0m\u001b[0;34m,\u001b[0m \u001b[0mtc\u001b[0m\u001b[0;34m]\u001b[0m\u001b[0;34m)\u001b[0m\u001b[0;34m,\u001b[0m  \u001b[0;31m# X\u001b[0m\u001b[0;34m\u001b[0m\u001b[0;34m\u001b[0m\u001b[0m\n\u001b[0;32m---> 28\u001b[0;31m             \u001b[0mnp\u001b[0m\u001b[0;34m.\u001b[0m\u001b[0marray\u001b[0m\u001b[0;34m(\u001b[0m\u001b[0;34m[\u001b[0m\u001b[0mself\u001b[0m\u001b[0;34m.\u001b[0m\u001b[0mg\u001b[0m\u001b[0;34m(\u001b[0m\u001b[0mtc\u001b[0m\u001b[0;34m)\u001b[0m\u001b[0;34m,\u001b[0m \u001b[0mself\u001b[0m\u001b[0;34m.\u001b[0m\u001b[0mg\u001b[0m\u001b[0;34m(\u001b[0m\u001b[0mtc\u001b[0m\u001b[0;34m)\u001b[0m\u001b[0;34m]\u001b[0m\u001b[0;34m)\u001b[0m\u001b[0;34m.\u001b[0m\u001b[0mT\u001b[0m\u001b[0;34m,\u001b[0m  \u001b[0;31m# Y\u001b[0m\u001b[0;34m\u001b[0m\u001b[0;34m\u001b[0m\u001b[0m\n\u001b[0m\u001b[1;32m     29\u001b[0m             \u001b[0mkind\u001b[0m\u001b[0;34m=\u001b[0m\u001b[0;34m\"linear\"\u001b[0m\u001b[0;34m,\u001b[0m\u001b[0;34m\u001b[0m\u001b[0;34m\u001b[0m\u001b[0m\n\u001b[1;32m     30\u001b[0m             \u001b[0mbounds_error\u001b[0m\u001b[0;34m=\u001b[0m\u001b[0;32mFalse\u001b[0m\u001b[0;34m,\u001b[0m\u001b[0;34m\u001b[0m\u001b[0;34m\u001b[0m\u001b[0m\n",
      "\u001b[0;31mTypeError\u001b[0m: 'tuple' object is not callable"
     ]
    }
   ],
   "source": [
    "tt = linspace(0,50,10000)\n",
    "#f=F(z,Nf)\n",
    "yy = ddeint(F(loc,v),G(),tt)"
   ]
  },
  {
   "cell_type": "code",
   "execution_count": 14,
   "id": "0f4786af-b6a5-49b7-84c2-30e389d750d7",
   "metadata": {},
   "outputs": [],
   "source": [
    "# REQUIRES Numpy and Scipy.\n",
    "\n",
    "import scipy.integrate\n",
    "import scipy.interpolate\n",
    "\n",
    "\n",
    "class ddeVar:\n",
    "    \"\"\"\n",
    "    The instances of this class are special function-like\n",
    "    variables which store their past values in an interpolator and\n",
    "    can be called for any past time: Y(t), Y(t-d).\n",
    "    Very convenient for the integration of DDEs.\n",
    "    \"\"\"\n",
    "\n",
    "    def __init__(self, g, tc=0):\n",
    "        \"\"\" g(t) = expression of Y(t) for t<tc \"\"\"\n",
    "\n",
    "        self.g = g\n",
    "        self.tc = tc\n",
    "        # We must fill the interpolator with 2 points minimum\n",
    "\n",
    "        self.interpolator = scipy.interpolate.interp1d(\n",
    "            np.array([tc - 1, tc]),  # X\n",
    "            np.array([self.g(tc), self.g(tc)]).T,  # Y\n",
    "            kind=\"linear\",\n",
    "            bounds_error=False,\n",
    "            fill_value=self.g(tc)\n",
    "        )\n",
    "\n",
    "    def update(self, t, Y):\n",
    "        \"\"\" Add one new (ti,yi) to the interpolator \"\"\"\n",
    "        Y2 = Y if (Y.size == 1) else np.array([Y]).T\n",
    "        self.interpolator = scipy.interpolate.interp1d(\n",
    "            np.hstack([self.interpolator.x, [t]]),  # X\n",
    "            np.hstack([self.interpolator.y, Y2]),  # Y\n",
    "            kind=\"linear\",\n",
    "            bounds_error=False,\n",
    "            fill_value=Y\n",
    "        )\n",
    "\n",
    "    def __call__(self, t=0):\n",
    "        \"\"\" Y(t) will return the instance's value at time t \"\"\"\n",
    "\n",
    "        return self.g(t) if (t <= self.tc) else self.interpolator(t)\n",
    "\n",
    "\n",
    "class dde(scipy.integrate.ode):\n",
    "    \"\"\"\n",
    "    This class overwrites a few functions of ``scipy.integrate.ode``\n",
    "    to allow for updates of the pseudo-variable Y between each\n",
    "    integration step.\n",
    "    \"\"\"\n",
    "\n",
    "    def __init__(self, f, jac=None):\n",
    "        def f2(t, y, args):\n",
    "            return f(self.Y, t, *args)\n",
    "\n",
    "        scipy.integrate.ode.__init__(self, f2, jac)\n",
    "        self.set_f_params(None)\n",
    "\n",
    "    def integrate(self, t, step=0, relax=0):\n",
    "\n",
    "        scipy.integrate.ode.integrate(self, t, step, relax)\n",
    "        self.Y.update(self.t, self.y)\n",
    "        return self.y\n",
    "\n",
    "    def set_initial_value(self, Y):\n",
    "\n",
    "        self.Y = Y  #!!! Y will be modified during integration\n",
    "        scipy.integrate.ode.set_initial_value(self, Y(Y.tc), Y.tc)\n",
    "\n",
    "\n",
    "def ddeint(func, g, tt, fargs=None):\n",
    "    \"\"\" Solves Delay Differential Equations\n",
    "    Similar to scipy.integrate.odeint. Solves a Delay differential\n",
    "    Equation system (DDE) defined by\n",
    "        Y(t) = g(t) for t<0\n",
    "        Y'(t) = func(Y,t) for t>= 0\n",
    "    Where func can involve past values of Y, like Y(t-d).\n",
    "    \n",
    "    Parameters\n",
    "    -----------\n",
    "    \n",
    "    func\n",
    "      a function Y,t,args -> Y'(t), where args is optional.\n",
    "      The variable Y is an instance of class ddeVar, which means that\n",
    "      it is called like a function: Y(t), Y(t-d), etc. Y(t) returns\n",
    "      either a number or a numpy array (for multivariate systems).\n",
    "    g\n",
    "      The 'history function'. A function g(t)=Y(t) for t<0, g(t)\n",
    "      returns either a number or a numpy array (for multivariate\n",
    "      systems).\n",
    "    \n",
    "    tt\n",
    "      The vector of times [t0, t1, ...] at which the system must\n",
    "      be solved.\n",
    "    fargs\n",
    "      Additional arguments to be passed to parameter ``func``, if any.\n",
    "    Examples\n",
    "    ---------\n",
    "    \n",
    "    We will solve the delayed Lotka-Volterra system defined as\n",
    "    \n",
    "        For t < 0:\n",
    "        x(t) = 1+t\n",
    "        y(t) = 2-t\n",
    "    \n",
    "        For t >= 0:\n",
    "        dx/dt =  0.5* ( 1- y(t-d) )\n",
    "        dy/dt = -0.5* ( 1- x(t-d) )\n",
    "    \n",
    "    The delay ``d`` is a tunable parameter of the model.\n",
    "    >>> import numpy as np\n",
    "    >>> from ddeint import ddeint\n",
    "    >>> \n",
    "    >>> def model(XY,t,d):\n",
    "    >>>     x, y = XY(t)\n",
    "    >>>     xd, yd = XY(t-d)\n",
    "    >>>     return np.array([0.5*x*(1-yd), -0.5*y*(1-xd)])\n",
    "    >>> \n",
    "    >>> g = lambda t : np.array([1+t,2-t]) # 'history' at t<0\n",
    "    >>> tt = np.linspace(0,30,20000) # times for integration\n",
    "    >>> d = 0.5 # set parameter d \n",
    "    >>> yy = ddeint(model,g,tt,fargs=(d,)) # solve the DDE !\n",
    "     \n",
    "    \"\"\"\n",
    "\n",
    "    dde_ = dde(func)\n",
    "    dde_.set_initial_value(ddeVar(g, tt[0]))\n",
    "    dde_.set_f_params(fargs if fargs else [])\n",
    "    results = [dde_.integrate(dde_.t + dt) for dt in np.diff(tt)]\n",
    "    return np.array([g(tt[0])] + results)"
   ]
  },
  {
   "cell_type": "code",
   "execution_count": 19,
   "id": "d07214e6-e194-4df7-bba1-0a3712771bdf",
   "metadata": {},
   "outputs": [
    {
     "name": "stdout",
     "output_type": "stream",
     "text": [
      "[[1.00000000e+00 2.00000000e+00]\n",
      " [9.98875573e-01 1.99925122e+00]\n",
      " [9.97752215e-01 1.99850456e+00]\n",
      " ...\n",
      " [2.03957546e-07 7.98715285e-03]\n",
      " [2.04108481e-07 7.98114314e-03]\n",
      " [2.04259517e-07 7.97513747e-03]]\n"
     ]
    }
   ],
   "source": [
    "import numpy as np\n",
    "from ddeint import ddeint\n",
    " \n",
    "def model(XY,t,d):\n",
    "    x, y = XY(t)\n",
    "    xd, yd = XY(t-d)\n",
    "    return np.array([0.5*x*(1-yd), -0.5*y*(1-xd)])\n",
    "\n",
    "g = lambda t : np.array([1+t,2-t]) # 'history' at t<0\n",
    "tt = np.linspace(0,30,20000) # times for integration\n",
    "d = 0.5 # set parameter d \n",
    "yy = ddeint(model,g,tt,fargs=(d,)) # solve the DDE \n",
    "print(yy)"
   ]
  },
  {
   "cell_type": "code",
   "execution_count": 18,
   "id": "6e441ec1-b95f-4ed5-b826-efb0a1e8919f",
   "metadata": {},
   "outputs": [
    {
     "name": "stdout",
     "output_type": "stream",
     "text": [
      "[[1.00000000e+00 2.00000000e+00]\n",
      " [9.98875573e-01 1.99925122e+00]\n",
      " [9.97752215e-01 1.99850456e+00]\n",
      " ...\n",
      " [2.03957546e-07 7.98715285e-03]\n",
      " [2.04108481e-07 7.98114314e-03]\n",
      " [2.04259517e-07 7.97513747e-03]]\n"
     ]
    }
   ],
   "source": [
    "print(yy)"
   ]
  },
  {
   "cell_type": "code",
   "execution_count": 17,
   "id": "ec76cce4-df22-4c0c-a0ea-c08cf82a7105",
   "metadata": {},
   "outputs": [
    {
     "ename": "NameError",
     "evalue": "name 'x12' is not defined",
     "output_type": "error",
     "traceback": [
      "\u001b[0;31m---------------------------------------------------------------------------\u001b[0m",
      "\u001b[0;31mNameError\u001b[0m                                 Traceback (most recent call last)",
      "\u001b[0;32m<ipython-input-17-08b1729057a9>\u001b[0m in \u001b[0;36m<module>\u001b[0;34m\u001b[0m\n\u001b[0;32m----> 1\u001b[0;31m \u001b[0mx12\u001b[0m\u001b[0;34m\u001b[0m\u001b[0;34m\u001b[0m\u001b[0m\n\u001b[0m",
      "\u001b[0;31mNameError\u001b[0m: name 'x12' is not defined"
     ]
    }
   ],
   "source": [
    "x12 "
   ]
  },
  {
   "cell_type": "code",
   "execution_count": null,
   "id": "eb1595ec-7929-4bcd-8fb0-d5ee88007e0f",
   "metadata": {},
   "outputs": [],
   "source": [
    "def complete():\n",
    "    "
   ]
  },
  {
   "cell_type": "code",
   "execution_count": null,
   "id": "6807cb8c-fc73-4b0b-a935-bb093c94e08a",
   "metadata": {},
   "outputs": [],
   "source": []
  },
  {
   "cell_type": "code",
   "execution_count": null,
   "id": "b4b64faa-d827-4dc8-a477-19e3ec7c5d3b",
   "metadata": {},
   "outputs": [],
   "source": []
  }
 ],
 "metadata": {
  "kernelspec": {
   "display_name": "Python 3",
   "language": "python",
   "name": "python3"
  },
  "language_info": {
   "codemirror_mode": {
    "name": "ipython",
    "version": 3
   },
   "file_extension": ".py",
   "mimetype": "text/x-python",
   "name": "python",
   "nbconvert_exporter": "python",
   "pygments_lexer": "ipython3",
   "version": "3.8.8"
  }
 },
 "nbformat": 4,
 "nbformat_minor": 5
}
